// --- CONFIGURACION ---
NODOS 100
HUBS 8
PAQUETES 40
CAPACIDAD_CAMION 8
DEPOSITO_ID 0

// --- NODOS (ID X Y) ---
0 595 650 // Deposito
1 268 959 // Hub
2 335 396 // Hub
3 978 273 // Hub
4 377 592 // Hub
5 43 211 // Hub
6 596 264 // Hub
7 922 352 // Hub
8 926 766 // Hub
9 562 1 // Entrega
10 942 193 // Entrega
11 920 822 // Entrega
12 435 870 // Entrega
13 606 9 // Entrega
14 829 221 // Entrega
15 480 423 // Entrega
16 561 748 // Entrega
17 72 587 // Entrega
18 834 740 // Entrega
19 860 901 // Entrega
20 331 904 // Entrega
21 111 618 // Entrega
22 167 33 // Entrega
23 970 783 // Entrega
24 489 222 // Entrega
25 784 120 // Entrega
26 415 703 // Entrega
27 632 540 // Entrega
28 262 237 // Entrega
29 550 781 // Entrega
30 458 29 // Entrega
31 895 710 // Entrega
32 777 967 // Entrega
33 296 611 // Entrega
34 396 155 // Entrega
35 201 728 // Entrega
36 58 313 // Entrega
37 35 917 // Entrega
38 36 4 // Entrega
39 389 525 // Entrega
40 917 173 // Entrega
41 646 332 // Entrega
42 566 277 // Entrega
43 562 829 // Entrega
44 205 111 // Entrega
45 609 353 // Entrega
46 140 503 // Entrega
47 62 608 // Entrega
48 159 358 // Entrega
49 909 246 // Entrega
50 204 109 // Entrega
51 974 953 // Entrega
52 422 8 // Entrega
53 869 148 // Entrega
54 703 949 // Entrega
55 364 620 // Entrega
56 121 700 // Entrega
57 642 687 // Entrega
58 977 203 // Entrega
59 205 872 // Entrega
60 5 505 // Entrega
61 225 145 // Entrega
62 7 978 // Entrega
63 753 858 // Entrega
64 26 661 // Entrega
65 103 230 // Entrega
66 461 767 // Entrega
67 182 573 // Entrega
68 465 742 // Entrega
69 722 858 // Entrega
70 690 776 // Entrega
71 167 811 // Entrega
72 475 499 // Entrega
73 187 141 // Entrega
74 393 393 // Entrega
75 13 398 // Entrega
76 898 929 // Entrega
77 543 595 // Entrega
78 906 987 // Entrega
79 142 622 // Entrega
80 337 936 // Entrega
81 852 798 // Entrega
82 392 34 // Entrega
83 371 547 // Entrega
84 466 783 // Entrega
85 405 155 // Entrega
86 558 572 // Entrega
87 656 32 // Entrega
88 762 533 // Entrega
89 864 154 // Entrega
90 616 877 // Entrega
91 552 513 // Entrega
92 495 94 // Entrega
93 799 401 // Entrega
94 771 631 // Entrega
95 22 108 // Entrega
96 567 565 // Entrega
97 906 649 // Entrega
98 289 967 // Entrega
99 196 755 // Entrega

// --- HUBS (ID COSTO_ACTIVACION) ---
1 132.00
2 298.00
3 484.00
4 452.00
5 272.00
6 173.00
7 326.00
8 472.00

// --- PAQUETES (ID NODO_ORIGEN NODO_DESTINO) ---
0 0 33
1 0 85
2 0 28
3 0 63
4 0 95
5 0 65
6 0 86
7 0 20
8 0 83
9 0 97
10 0 49
11 0 95
12 0 52
13 0 26
14 0 89
15 0 59
16 0 53
17 0 94
18 0 46
19 0 10
20 0 17
21 0 84
22 0 94
23 0 78
24 0 33
25 0 68
26 0 22
27 0 45
28 0 99
29 0 48
30 0 42
31 0 86
32 0 87
33 0 25
34 0 49
35 0 45
36 0 81
37 0 89
38 0 19
39 0 65

// --- ARISTAS (NODO1 NODO2 PESO) ---
0 1 449.90
1 2 566.97
2 3 654.66
3 4 680.41
4 5 506.67
5 6 555.53
6 7 337.67
7 8 414.02
8 9 847.18
9 10 425.75
10 11 629.38
11 12 487.37
12 13 877.82
13 14 307.69
14 15 403.24
15 16 334.94
16 17 514.82
17 18 777.21
18 19 163.09
19 20 529.01
20 21 360.83
21 22 587.67
22 23 1098.78
23 24 738.97
24 25 312.14
25 26 689.96
26 27 271.40
27 28 478.24
28 29 615.53
29 30 757.61
30 31 809.15
31 32 282.79
32 33 598.41
33 34 466.84
34 35 605.27
35 36 438.95
36 37 604.44
37 38 913.00
38 39 629.33
39 40 634.58
40 41 314.20
41 42 97.08
42 43 552.01
43 44 801.86
44 45 470.94
45 46 492.40
46 47 130.80
47 48 268.16
48 49 758.32
49 50 718.19
50 51 1142.47
51 52 1094.41
52 53 468.41
53 54 818.02
54 55 472.40
55 56 255.83
56 57 521.16
57 58 588.63
58 59 1021.54
59 60 417.96
60 61 421.90
61 62 861.05
62 63 755.59
63 64 753.22
64 65 437.82
65 66 645.39
66 67 339.82
67 68 329.62
68 69 281.97
69 70 88.02
70 71 524.17
71 72 438.42
72 73 459.46
73 74 325.48
74 75 380.03
75 76 1032.08
76 77 487.42
77 78 534.26
78 79 846.71
79 80 369.62
80 81 533.17
81 82 891.79
82 83 513.43
83 84 254.40
84 85 630.96
85 86 444.18
86 87 548.82
87 88 512.09
88 89 392.49
89 90 764.35
90 91 369.58
91 92 422.86
92 93 432.05
93 94 231.70
94 95 913.53
95 96 711.25
96 97 349.25
97 98 694.13
98 99 231.50
29 58 718.62
17 5 377.12
67 42 484.84
80 43 249.15
30 33 604.13
26 3 708.43
6 18 532.18
14 61 608.76
92 32 917.42
89 73 677.12
73 27 597.68
84 70 224.11
22 65 207.14
23 29 420.00
92 5 466.90
39 61 413.88
10 59 1002.10
55 43 287.90
2 86 284.09
76 46 869.51
77 2 287.86
1 83 424.68
72 67 302.20
97 64 880.08
0 38 854.28
90 73 851.90
17 74 375.07
95 39 555.50
40 71 984.65
69 84 266.76
76 60 988.55
46 86 423.66
19 1 594.83
81 74 612.13
39 9 551.82
72 16 263.43
12 73 770.03
52 36 474.89
41 49 276.70
1 41 732.13
39 91 163.44
66 56 346.54
65 62 754.14
95 57 848.32
85 16 613.18
42 61 365.66
77 40 563.88
99 48 398.72
93 81 400.52
